completeness;brutus_action;brutus_location;world_nr;tick_nr
0.0;;(24, 12);1;0
0.0;;(24, 12);1;1
0.0;;(24, 12);1;2
0.0;;(24, 12);1;3
0.0;;(24, 12);1;4
0.0;;(24, 12);1;5
0.0;;(24, 12);1;6
0.0;MoveNorth;(24, 11);1;7
0.0;MoveNorth;(24, 10);1;8
0.0;MoveNorth;(24, 9);1;9
0.0;MoveNorth;(24, 8);1;10
0.0;MoveNorth;(24, 7);1;11
0.0;MoveNorth;(24, 6);1;12
0.0;MoveNorthWest;(23, 5);1;13
0.0;MoveNorth;(23, 4);1;14
0.0;Idle;(23, 4);1;15
0.0;MoveNorth;(23, 3);1;16
0.0;MoveNorthWest;(22, 2);1;17
0.0;MoveNorth;(22, 1);1;18
0.0;MoveSouth;(22, 2);1;19
0.0;MoveNorthEast;(23, 1);1;20
0.0;MoveSouth;(23, 2);1;21
0.0;MoveNorthEast;(24, 1);1;22
0.0;MoveSouth;(24, 2);1;23
0.0;MoveSouthWest;(23, 3);1;24
0.0;MoveSouthWest;(22, 4);1;25
0.0;MoveWest;(21, 4);1;26
0.0;MoveWest;(20, 4);1;27
0.0;MoveWest;(19, 4);1;28
0.0;MoveWest;(18, 4);1;29
0.0;MoveWest;(17, 4);1;30
0.0;MoveWest;(16, 4);1;31
0.0;Idle;(16, 4);1;32
0.0;MoveNorth;(16, 3);1;33
0.0;MoveNorthWest;(15, 2);1;34
0.0;MoveNorth;(15, 1);1;35
0.0;MoveSouth;(15, 2);1;36
0.0;MoveNorthEast;(16, 1);1;37
0.0;MoveSouth;(16, 2);1;38
0.0;MoveNorthEast;(17, 1);1;39
0.0;MoveSouth;(17, 2);1;40
0.0;MoveSouthWest;(16, 3);1;41
0.0;MoveSouth;(16, 4);1;42
0.0;MoveSouth;(16, 5);1;43
0.0;MoveSouth;(16, 6);1;44
0.0;Idle;(16, 6);1;45
0.0;MoveSouth;(16, 7);1;46
0.0;MoveSouthWest;(15, 8);1;47
0.0;MoveSouth;(15, 9);1;48
0.0;MoveNorthEast;(16, 8);1;49
0.0;MoveSouth;(16, 9);1;50
0.0;MoveNorthEast;(17, 8);1;51
0.0;MoveSouth;(17, 9);1;52
0.0;Idle;(17, 9);1;53
0.0;;(17, 9);1;54
0.0;;(17, 9);1;55
0.0;;(17, 9);1;56
0.0;;(17, 9);1;57
0.0;;(17, 9);1;58
0.0;;(17, 9);1;59
0.0;;(17, 9);1;60
0.0;;(17, 9);1;61
0.0;;(17, 9);1;62
0.0;;(17, 9);1;63
0.0;;(17, 9);1;64
0.0;;(17, 9);1;65
0.0;;(17, 9);1;66
0.0;;(17, 9);1;67
0.0;;(17, 9);1;68
0.0;;(17, 9);1;69
0.0;;(17, 9);1;70
0.0;;(17, 9);1;71
0.0;;(17, 9);1;72
0.0;;(17, 9);1;73
0.0;;(17, 9);1;74
0.0;;(17, 9);1;75
0.0;;(17, 9);1;76
0.0;;(17, 9);1;77
0.0;;(17, 9);1;78
0.0;;(17, 9);1;79
0.0;;(17, 9);1;80
0.0;;(17, 9);1;81
0.0;;(17, 9);1;82
0.0;Idle;(17, 9);1;83
0.0;;(17, 9);1;84
0.0;;(17, 9);1;85
0.0;;(17, 9);1;86
0.0;;(17, 9);1;87
0.0;;(17, 9);1;88
0.0;;(17, 9);1;89
0.0;;(17, 9);1;90
0.0;;(17, 9);1;91
0.0;;(17, 9);1;92
0.0;RemoveObject;(17, 9);1;93
0.0;Idle;(17, 9);1;94
0.0;Idle;(17, 9);1;95
0.0;MoveWest;(16, 9);1;96
0.0;MoveWest;(15, 9);1;97
0.0;CarryObject;(15, 9);1;98
0.0;MoveNorthEast;(16, 8);1;99
0.0;MoveNorth;(16, 7);1;100
0.0;Idle;(16, 7);1;101
0.0;;(16, 7);1;102
0.0;;(16, 7);1;103
0.0;;(16, 7);1;104
0.0;;(16, 7);1;105
0.0;;(16, 7);1;106
0.0;;(16, 7);1;107
0.0;;(16, 7);1;108
0.0;;(16, 7);1;109
0.0;;(16, 7);1;110
0.0;;(16, 7);1;111
0.0;;(16, 7);1;112
0.0;;(16, 7);1;113
0.0;;(16, 7);1;114
0.0;;(16, 7);1;115
0.0;;(16, 7);1;116
0.0;;(16, 7);1;117
0.0;;(16, 7);1;118
0.0;;(16, 7);1;119
0.0;;(16, 7);1;120
0.0;;(16, 7);1;121
0.0;;(16, 7);1;122
0.0;;(16, 7);1;123
0.0;;(16, 7);1;124
0.0;;(16, 7);1;125
0.0;;(16, 7);1;126
0.0;;(16, 7);1;127
0.0;;(16, 7);1;128
0.0;;(16, 7);1;129
0.0;;(16, 7);1;130
0.0;;(16, 7);1;131
0.0;MoveNorthEast;(17, 6);1;132
0.0;MoveEast;(18, 6);1;133
0.0;MoveSouthEast;(19, 7);1;134
0.0;MoveSouthEast;(20, 8);1;135
0.0;MoveSouthEast;(21, 9);1;136
0.0;MoveSouthEast;(22, 10);1;137
0.0;MoveSouthEast;(23, 11);1;138
0.0;MoveSouthEast;(24, 12);1;139
0.0;MoveSouthEast;(25, 13);1;140
0.16666666666666666;Drop;(25, 13);1;141
0.16666666666666666;Idle;(25, 13);1;142
0.16666666666666666;MoveNorthWest;(24, 12);1;143
0.16666666666666666;MoveNorthWest;(23, 11);1;144
0.16666666666666666;MoveNorthWest;(22, 10);1;145
0.16666666666666666;MoveNorthWest;(21, 9);1;146
0.16666666666666666;MoveNorthWest;(20, 8);1;147
0.16666666666666666;MoveNorthWest;(19, 7);1;148
0.16666666666666666;MoveNorthWest;(18, 6);1;149
0.16666666666666666;MoveWest;(17, 6);1;150
0.16666666666666666;MoveSouthWest;(16, 7);1;151
0.16666666666666666;MoveSouth;(16, 8);1;152
0.16666666666666666;MoveSouthEast;(17, 9);1;153
0.16666666666666666;CarryObject;(17, 9);1;154
0.16666666666666666;MoveNorth;(17, 8);1;155
0.16666666666666666;MoveNorthWest;(16, 7);1;156
0.16666666666666666;MoveNorthEast;(17, 6);1;157
0.16666666666666666;MoveEast;(18, 6);1;158
0.16666666666666666;MoveSouthEast;(19, 7);1;159
0.16666666666666666;MoveSouthEast;(20, 8);1;160
0.16666666666666666;MoveSouthEast;(21, 9);1;161
0.16666666666666666;MoveSouthEast;(22, 10);1;162
0.16666666666666666;MoveSouthEast;(23, 11);1;163
0.16666666666666666;MoveSouthEast;(24, 12);1;164
0.16666666666666666;MoveSouth;(24, 13);1;165
0.16666666666666666;MoveSouthEast;(25, 14);1;166
0.3333333333333333;Drop;(25, 14);1;167
0.3333333333333333;Idle;(25, 14);1;168
0.3333333333333333;MoveNorthWest;(24, 13);1;169
0.3333333333333333;MoveNorthWest;(23, 12);1;170
0.3333333333333333;MoveNorthWest;(22, 11);1;171
0.3333333333333333;MoveNorthWest;(21, 10);1;172
0.3333333333333333;MoveNorthWest;(20, 9);1;173
0.3333333333333333;MoveNorthWest;(19, 8);1;174
0.3333333333333333;MoveNorth;(19, 7);1;175
0.3333333333333333;MoveNorthWest;(18, 6);1;176
0.3333333333333333;MoveWest;(17, 6);1;177
0.3333333333333333;MoveSouthWest;(16, 7);1;178
0.3333333333333333;MoveSouth;(16, 8);1;179
0.3333333333333333;MoveSouth;(16, 9);1;180
0.3333333333333333;CarryObject;(16, 9);1;181
0.3333333333333333;MoveNorth;(16, 8);1;182
0.3333333333333333;MoveNorth;(16, 7);1;183
0.3333333333333333;Idle;(16, 7);1;184
0.3333333333333333;;(16, 7);1;185
0.3333333333333333;;(16, 7);1;186
0.3333333333333333;;(16, 7);1;187
0.3333333333333333;;(16, 7);1;188
0.3333333333333333;;(16, 7);1;189
0.3333333333333333;;(16, 7);1;190
0.3333333333333333;;(16, 7);1;191
0.3333333333333333;;(16, 7);1;192
0.3333333333333333;;(16, 7);1;193
0.3333333333333333;;(16, 7);1;194
0.3333333333333333;;(16, 7);1;195
0.3333333333333333;;(16, 7);1;196
0.3333333333333333;;(16, 7);1;197
0.3333333333333333;;(16, 7);1;198
0.3333333333333333;;(16, 7);1;199
0.3333333333333333;;(16, 7);1;200
0.3333333333333333;;(16, 7);1;201
0.3333333333333333;;(16, 7);1;202
0.3333333333333333;;(16, 7);1;203
0.3333333333333333;;(16, 7);1;204
0.3333333333333333;;(16, 7);1;205
0.3333333333333333;;(16, 7);1;206
0.3333333333333333;;(16, 7);1;207
0.3333333333333333;;(16, 7);1;208
0.3333333333333333;;(16, 7);1;209
0.3333333333333333;;(16, 7);1;210
0.3333333333333333;;(16, 7);1;211
0.3333333333333333;;(16, 7);1;212
0.3333333333333333;;(16, 7);1;213
0.3333333333333333;MoveNorthEast;(17, 6);1;214
0.3333333333333333;MoveEast;(18, 6);1;215
0.3333333333333333;MoveSouthEast;(19, 7);1;216
0.3333333333333333;MoveSouthEast;(20, 8);1;217
0.3333333333333333;MoveSouthEast;(21, 9);1;218
0.3333333333333333;MoveSouthEast;(22, 10);1;219
0.3333333333333333;MoveSouthEast;(23, 11);1;220
0.3333333333333333;MoveSouthEast;(24, 12);1;221
0.3333333333333333;MoveSouth;(24, 13);1;222
0.3333333333333333;MoveSouth;(24, 14);1;223
0.3333333333333333;MoveSouthEast;(25, 15);1;224
0.5;Drop;(25, 15);1;225
0.5;MoveSouth;(25, 16);1;226
0.5;MoveSouthWest;(24, 17);1;227
0.5;MoveSouth;(24, 18);1;228
0.5;MoveSouthWest;(23, 19);1;229
0.5;MoveSouth;(23, 20);1;230
0.5;Idle;(23, 20);1;231
0.5;;(23, 20);1;232
0.5;;(23, 20);1;233
0.5;;(23, 20);1;234
0.5;;(23, 20);1;235
0.5;;(23, 20);1;236
0.5;;(23, 20);1;237
0.5;;(23, 20);1;238
0.5;;(23, 20);1;239
0.5;;(23, 20);1;240
0.5;RemoveObject;(23, 20);1;241
0.5;Idle;(23, 20);1;242
0.5;MoveSouth;(23, 21);1;243
0.5;MoveSouthWest;(22, 22);1;244
0.5;MoveSouth;(22, 23);1;245
0.5;MoveNorthEast;(23, 22);1;246
0.5;MoveSouth;(23, 23);1;247
0.5;MoveNorthEast;(24, 22);1;248
0.5;MoveSouth;(24, 23);1;249
0.5;MoveNorthWest;(23, 22);1;250
0.5;MoveNorth;(23, 21);1;251
0.5;MoveNorthWest;(22, 20);1;252
0.5;MoveWest;(21, 20);1;253
0.5;MoveWest;(20, 20);1;254
0.5;MoveWest;(19, 20);1;255
0.5;MoveWest;(18, 20);1;256
0.5;MoveWest;(17, 20);1;257
0.5;MoveWest;(16, 20);1;258
0.5;Idle;(16, 20);1;259
0.5;;(16, 20);1;260
0.5;;(16, 20);1;261
0.5;;(16, 20);1;262
0.5;;(16, 20);1;263
0.5;;(16, 20);1;264
0.5;;(16, 20);1;265
0.5;;(16, 20);1;266
0.5;;(16, 20);1;267
0.5;;(16, 20);1;268
0.5;RemoveObject;(16, 20);1;269
0.5;Idle;(16, 20);1;270
0.5;MoveSouth;(16, 21);1;271
0.5;MoveSouthWest;(15, 22);1;272
0.5;MoveSouth;(15, 23);1;273
0.5;MoveNorthEast;(16, 22);1;274
0.5;MoveSouth;(16, 23);1;275
0.5;MoveNorthEast;(17, 22);1;276
0.5;MoveSouth;(17, 23);1;277
0.5;MoveNorth;(17, 22);1;278
0.5;MoveNorthWest;(16, 21);1;279
0.5;MoveNorth;(16, 20);1;280
0.5;MoveNorth;(16, 19);1;281
0.5;MoveNorth;(16, 18);1;282
0.5;Idle;(16, 18);1;283
0.5;;(16, 18);1;284
0.5;;(16, 18);1;285
0.5;;(16, 18);1;286
0.5;;(16, 18);1;287
0.5;;(16, 18);1;288
0.5;;(16, 18);1;289
0.5;;(16, 18);1;290
0.5;;(16, 18);1;291
0.5;;(16, 18);1;292
0.5;RemoveObject;(16, 18);1;293
0.5;Idle;(16, 18);1;294
0.5;MoveNorth;(16, 17);1;295
0.5;MoveNorthWest;(15, 16);1;296
0.5;MoveNorth;(15, 15);1;297
0.5;MoveSouth;(15, 16);1;298
0.5;MoveNorthEast;(16, 15);1;299
0.5;MoveSouth;(16, 16);1;300
0.5;MoveNorthEast;(17, 15);1;301
0.5;MoveSouth;(17, 16);1;302
0.5;MoveSouthWest;(16, 17);1;303
0.5;Idle;(16, 17);1;304
0.5;;(16, 17);1;305
0.5;;(16, 17);1;306
0.5;;(16, 17);1;307
0.5;;(16, 17);1;308
0.5;;(16, 17);1;309
0.5;;(16, 17);1;310
0.5;;(16, 17);1;311
0.5;;(16, 17);1;312
0.5;;(16, 17);1;313
0.5;;(16, 17);1;314
0.5;;(16, 17);1;315
0.5;;(16, 17);1;316
0.5;;(16, 17);1;317
0.5;;(16, 17);1;318
0.5;;(16, 17);1;319
0.5;;(16, 17);1;320
0.5;;(16, 17);1;321
0.5;;(16, 17);1;322
0.5;;(16, 17);1;323
0.5;;(16, 17);1;324
0.5;;(16, 17);1;325
0.5;;(16, 17);1;326
0.5;;(16, 17);1;327
0.5;;(16, 17);1;328
0.5;;(16, 17);1;329
0.5;;(16, 17);1;330
0.5;;(16, 17);1;331
0.5;;(16, 17);1;332
0.5;;(16, 17);1;333
0.5;;(16, 17);1;334
0.5;;(16, 17);1;335
0.5;;(16, 17);1;336
0.5;;(16, 17);1;337
0.5;;(16, 17);1;338
0.5;;(16, 17);1;339
0.5;;(16, 17);1;340
0.5;;(16, 17);1;341
0.5;;(16, 17);1;342
0.5;;(16, 17);1;343
0.5;;(16, 17);1;344
0.5;MoveSouthWest;(15, 18);1;345
0.5;MoveWest;(14, 18);1;346
0.5;MoveWest;(13, 18);1;347
0.5;MoveWest;(12, 18);1;348
0.5;MoveWest;(11, 18);1;349
0.5;MoveWest;(10, 18);1;350
0.5;MoveWest;(9, 18);1;351
0.5;Idle;(9, 18);1;352
0.5;MoveNorth;(9, 17);1;353
0.5;MoveNorthWest;(8, 16);1;354
0.5;MoveNorth;(8, 15);1;355
0.5;MoveSouth;(8, 16);1;356
0.5;MoveNorthEast;(9, 15);1;357
0.5;MoveSouth;(9, 16);1;358
0.5;MoveNorthEast;(10, 15);1;359
0.5;MoveSouth;(10, 16);1;360
0.5;MoveSouthWest;(9, 17);1;361
0.5;MoveSouth;(9, 18);1;362
0.5;MoveSouth;(9, 19);1;363
0.5;MoveSouth;(9, 20);1;364
0.5;Idle;(9, 20);1;365
0.5;MoveSouth;(9, 21);1;366
0.5;MoveSouthWest;(8, 22);1;367
0.5;MoveSouth;(8, 23);1;368
0.5;MoveNorthEast;(9, 22);1;369
0.5;MoveSouth;(9, 23);1;370
0.5;MoveNorthEast;(10, 22);1;371
0.5;MoveSouth;(10, 23);1;372
0.5;MoveNorthWest;(9, 22);1;373
0.5;MoveNorth;(9, 21);1;374
0.5;MoveNorthWest;(8, 20);1;375
0.5;MoveWest;(7, 20);1;376
0.5;MoveWest;(6, 20);1;377
0.5;MoveWest;(5, 20);1;378
0.5;MoveWest;(4, 20);1;379
0.5;MoveWest;(3, 20);1;380
0.5;MoveWest;(2, 20);1;381
0.5;Idle;(2, 20);1;382
0.5;MoveSouth;(2, 21);1;383
0.5;AddObject;(2, 21);1;384
0.5;MoveSouthWest;(1, 22);1;385
0.5;MoveSouth;(1, 23);1;386
0.5;MoveNorthEast;(2, 22);1;387
0.5;MoveSouth;(2, 23);1;388
0.5;MoveNorthEast;(3, 22);1;389
0.5;MoveSouth;(3, 23);1;390
0.5;MoveNorth;(3, 22);1;391
0.5;MoveNorthWest;(2, 21);1;392
0.5;MoveNorth;(2, 20);1;393
0.5;MoveNorth;(2, 19);1;394
0.5;MoveNorth;(2, 18);1;395
0.5;Idle;(2, 18);1;396
0.5;MoveNorth;(2, 17);1;397
0.5;MoveNorthWest;(1, 16);1;398
0.5;MoveNorth;(1, 15);1;399
0.5;MoveSouth;(1, 16);1;400
0.5;MoveNorthEast;(2, 15);1;401
0.5;Idle;(2, 15);1;402
0.5;;(2, 15);1;403
0.5;;(2, 15);1;404
0.5;;(2, 15);1;405
0.5;;(2, 15);1;406
0.5;;(2, 15);1;407
0.5;;(2, 15);1;408
0.5;;(2, 15);1;409
0.5;;(2, 15);1;410
0.5;;(2, 15);1;411
0.5;;(2, 15);1;412
0.5;;(2, 15);1;413
0.5;;(2, 15);1;414
0.5;;(2, 15);1;415
0.5;;(2, 15);1;416
0.5;;(2, 15);1;417
0.5;;(2, 15);1;418
0.5;;(2, 15);1;419
0.5;;(2, 15);1;420
0.5;;(2, 15);1;421
0.5;;(2, 15);1;422
0.5;;(2, 15);1;423
0.5;;(2, 15);1;424
0.5;;(2, 15);1;425
0.5;;(2, 15);1;426
0.5;;(2, 15);1;427
0.5;;(2, 15);1;428
0.5;;(2, 15);1;429
0.5;;(2, 15);1;430
0.5;Idle;(2, 15);1;431
0.5;MoveSouth;(2, 16);1;432
0.5;MoveSouth;(2, 17);1;433
0.5;Idle;(2, 17);1;434
0.5;;(2, 17);1;435
0.5;;(2, 17);1;436
0.5;;(2, 17);1;437
0.5;;(2, 17);1;438
0.5;;(2, 17);1;439
0.5;;(2, 17);1;440
0.5;;(2, 17);1;441
0.5;;(2, 17);1;442
0.5;;(2, 17);1;443
0.5;;(2, 17);1;444
0.5;;(2, 17);1;445
0.5;;(2, 17);1;446
0.5;;(2, 17);1;447
0.5;;(2, 17);1;448
0.5;;(2, 17);1;449
0.5;;(2, 17);1;450
0.5;;(2, 17);1;451
0.5;;(2, 17);1;452
0.5;;(2, 17);1;453
0.5;;(2, 17);1;454
0.5;;(2, 17);1;455
0.5;;(2, 17);1;456
0.5;;(2, 17);1;457
0.5;;(2, 17);1;458
0.5;;(2, 17);1;459
0.5;;(2, 17);1;460
0.5;;(2, 17);1;461
0.5;;(2, 17);1;462
0.5;;(2, 17);1;463
0.5;MoveSouthEast;(3, 18);1;464
0.5;MoveEast;(4, 18);1;465
0.5;MoveNorthEast;(5, 17);1;466
0.5;MoveNorth;(5, 16);1;467
0.5;MoveNorth;(5, 15);1;468
0.5;MoveNorth;(5, 14);1;469
0.5;MoveNorth;(5, 13);1;470
0.5;MoveNorth;(5, 12);1;471
0.5;MoveNorth;(5, 11);1;472
0.5;MoveNorth;(5, 10);1;473
0.5;MoveNorth;(5, 9);1;474
0.5;MoveNorth;(5, 8);1;475
0.5;MoveNorth;(5, 7);1;476
0.5;MoveNorthWest;(4, 6);1;477
0.5;MoveWest;(3, 6);1;478
0.5;MoveWest;(2, 6);1;479
0.5;Idle;(2, 6);1;480
0.5;MoveSouth;(2, 7);1;481
0.5;MoveSouthWest;(1, 8);1;482
0.5;MoveSouth;(1, 9);1;483
0.5;MoveNorthEast;(2, 8);1;484
0.5;MoveSouth;(2, 9);1;485
0.5;MoveNorthEast;(3, 8);1;486
0.5;MoveSouth;(3, 9);1;487
0.5;MoveNorth;(3, 8);1;488
0.5;MoveNorthWest;(2, 7);1;489
0.5;MoveNorth;(2, 6);1;490
0.5;MoveNorth;(2, 5);1;491
0.5;MoveNorth;(2, 4);1;492
0.5;Idle;(2, 4);1;493
0.5;MoveNorth;(2, 3);1;494
0.5;MoveNorthWest;(1, 2);1;495
0.5;MoveNorth;(1, 1);1;496
0.5;MoveSouth;(1, 2);1;497
0.5;MoveNorthEast;(2, 1);1;498
0.5;MoveSouth;(2, 2);1;499
0.5;Idle;(2, 2);1;500
0.5;;(2, 2);1;501
0.5;;(2, 2);1;502
0.5;;(2, 2);1;503
0.5;;(2, 2);1;504
0.5;;(2, 2);1;505
0.5;;(2, 2);1;506
0.5;;(2, 2);1;507
0.5;;(2, 2);1;508
0.5;;(2, 2);1;509
0.5;;(2, 2);1;510
0.5;;(2, 2);1;511
0.5;;(2, 2);1;512
0.5;;(2, 2);1;513
0.5;;(2, 2);1;514
0.5;;(2, 2);1;515
0.5;;(2, 2);1;516
0.5;;(2, 2);1;517
0.5;;(2, 2);1;518
0.5;;(2, 2);1;519
0.5;;(2, 2);1;520
0.5;;(2, 2);1;521
0.5;;(2, 2);1;522
0.5;;(2, 2);1;523
0.5;;(2, 2);1;524
0.5;;(2, 2);1;525
0.5;;(2, 2);1;526
0.5;;(2, 2);1;527
0.5;;(2, 2);1;528
0.5;;(2, 2);1;529
0.5;;(2, 2);1;530
0.5;;(2, 2);1;531
0.5;;(2, 2);1;532
0.5;;(2, 2);1;533
0.5;;(2, 2);1;534
0.5;;(2, 2);1;535
0.5;;(2, 2);1;536
0.5;;(2, 2);1;537
0.5;Idle;(2, 2);1;538
0.5;MoveSouth;(2, 3);1;539
0.5;MoveSouthEast;(3, 4);1;540
0.5;MoveEast;(4, 4);1;541
0.5;MoveEast;(5, 4);1;542
0.5;MoveEast;(6, 4);1;543
0.5;MoveEast;(7, 4);1;544
0.5;MoveEast;(8, 4);1;545
0.5;MoveEast;(9, 4);1;546
0.5;Idle;(9, 4);1;547
0.5;MoveNorth;(9, 3);1;548
0.5;MoveNorthWest;(8, 2);1;549
0.5;MoveNorth;(8, 1);1;550
0.5;MoveSouth;(8, 2);1;551
0.5;MoveNorthEast;(9, 1);1;552
0.5;MoveSouth;(9, 2);1;553
0.5;MoveNorthEast;(10, 1);1;554
0.5;MoveSouth;(10, 2);1;555
0.5;MoveSouthWest;(9, 3);1;556
0.5;MoveSouth;(9, 4);1;557
0.5;MoveSouth;(9, 5);1;558
0.5;MoveSouth;(9, 6);1;559
0.5;Idle;(9, 6);1;560
0.5;MoveSouth;(9, 7);1;561
0.5;MoveSouthWest;(8, 8);1;562
0.5;MoveSouth;(8, 9);1;563
0.5;MoveNorthEast;(9, 8);1;564
0.5;MoveSouth;(9, 9);1;565
0.5;MoveNorthEast;(10, 8);1;566
0.5;MoveSouth;(10, 9);1;567
0.5;Idle;(10, 9);1;568
0.5;;(10, 9);1;569
0.5;;(10, 9);1;570
0.5;;(10, 9);1;571
0.5;;(10, 9);1;572
0.5;;(10, 9);1;573
0.5;;(10, 9);1;574
0.5;;(10, 9);1;575
0.5;;(10, 9);1;576
0.5;;(10, 9);1;577
0.5;;(10, 9);1;578
0.5;;(10, 9);1;579
0.5;;(10, 9);1;580
0.5;;(10, 9);1;581
0.5;;(10, 9);1;582
0.5;;(10, 9);1;583
0.5;;(10, 9);1;584
0.5;;(10, 9);1;585
0.5;;(10, 9);1;586
0.5;;(10, 9);1;587
0.5;;(10, 9);1;588
0.5;;(10, 9);1;589
0.5;;(10, 9);1;590
0.5;;(10, 9);1;591
0.5;;(10, 9);1;592
0.5;;(10, 9);1;593
0.5;;(10, 9);1;594
0.5;;(10, 9);1;595
0.5;;(10, 9);1;596
0.5;Idle;(10, 9);1;597
0.5;;(10, 9);1;598
0.5;;(10, 9);1;599
0.5;;(10, 9);1;600
0.5;;(10, 9);1;601
0.5;;(10, 9);1;602
0.5;;(10, 9);1;603
0.5;;(10, 9);1;604
0.5;;(10, 9);1;605
0.5;;(10, 9);1;606
0.5;RemoveObject;(10, 9);1;607
0.5;Idle;(10, 9);1;608
0.5;Idle;(10, 9);1;609
0.5;CarryObject;(10, 9);1;610
0.5;MoveNorth;(10, 8);1;611
0.5;MoveNorthWest;(9, 7);1;612
0.5;MoveNorthEast;(10, 6);1;613
0.5;MoveEast;(11, 6);1;614
0.5;MoveEast;(12, 6);1;615
0.5;MoveEast;(13, 6);1;616
0.5;MoveEast;(14, 6);1;617
0.5;MoveEast;(15, 6);1;618
0.5;MoveEast;(16, 6);1;619
0.5;MoveEast;(17, 6);1;620
0.5;MoveEast;(18, 6);1;621
0.5;MoveSouthEast;(19, 7);1;622
0.5;MoveSouthEast;(20, 8);1;623
0.5;MoveEast;(21, 8);1;624
0.5;MoveSouthEast;(22, 9);1;625
0.5;MoveEast;(23, 9);1;626
0.5;MoveEast;(24, 9);1;627
0.5;MoveSouthEast;(25, 10);1;628
0.6666666666666666;Drop;(25, 10);1;629
0.6666666666666666;Idle;(25, 10);1;630
0.6666666666666666;MoveWest;(24, 10);1;631
0.6666666666666666;MoveWest;(23, 10);1;632
0.6666666666666666;MoveWest;(22, 10);1;633
0.6666666666666666;MoveNorthWest;(21, 9);1;634
0.6666666666666666;MoveNorthWest;(20, 8);1;635
0.6666666666666666;MoveNorthWest;(19, 7);1;636
0.6666666666666666;MoveNorthWest;(18, 6);1;637
0.6666666666666666;MoveWest;(17, 6);1;638
0.6666666666666666;MoveWest;(16, 6);1;639
0.6666666666666666;MoveWest;(15, 6);1;640
0.6666666666666666;MoveWest;(14, 6);1;641
0.6666666666666666;MoveWest;(13, 6);1;642
0.6666666666666666;MoveNorthWest;(12, 5);1;643
0.6666666666666666;MoveWest;(11, 5);1;644
0.6666666666666666;MoveNorthWest;(10, 4);1;645
0.6666666666666666;MoveWest;(9, 4);1;646
0.6666666666666666;Idle;(9, 4);1;647
0.6666666666666666;MoveNorth;(9, 3);1;648
0.6666666666666666;Idle;(9, 3);1;649
0.6666666666666666;;(9, 3);1;650
0.6666666666666666;;(9, 3);1;651
0.6666666666666666;;(9, 3);1;652
0.6666666666666666;;(9, 3);1;653
0.6666666666666666;;(9, 3);1;654
0.6666666666666666;;(9, 3);1;655
0.6666666666666666;;(9, 3);1;656
0.6666666666666666;;(9, 3);1;657
0.6666666666666666;;(9, 3);1;658
0.6666666666666666;RemoveObject;(9, 3);1;659
0.6666666666666666;Idle;(9, 3);1;660
0.6666666666666666;MoveSouthEast;(10, 4);1;661
0.6666666666666666;MoveEast;(11, 4);1;662
0.6666666666666666;MoveEast;(12, 4);1;663
0.6666666666666666;MoveEast;(13, 4);1;664
0.6666666666666666;MoveEast;(14, 4);1;665
0.6666666666666666;MoveEast;(15, 4);1;666
0.6666666666666666;MoveEast;(16, 4);1;667
0.6666666666666666;Idle;(16, 4);1;668
0.6666666666666666;MoveNorth;(16, 3);1;669
0.6666666666666666;Idle;(16, 3);1;670
0.6666666666666666;;(16, 3);1;671
0.6666666666666666;;(16, 3);1;672
0.6666666666666666;;(16, 3);1;673
0.6666666666666666;;(16, 3);1;674
0.6666666666666666;;(16, 3);1;675
0.6666666666666666;;(16, 3);1;676
0.6666666666666666;;(16, 3);1;677
0.6666666666666666;;(16, 3);1;678
0.6666666666666666;RemoveObject;(16, 3);1;679
0.6666666666666666;Idle;(16, 3);1;680
0.6666666666666666;Idle;(16, 3);1;681
0.6666666666666666;MoveSouthWest;(15, 4);1;682
0.6666666666666666;MoveSouthWest;(14, 5);1;683
0.6666666666666666;MoveSouthWest;(13, 6);1;684
0.6666666666666666;MoveSouthWest;(12, 7);1;685
0.6666666666666666;MoveSouth;(12, 8);1;686
0.6666666666666666;MoveSouth;(12, 9);1;687
0.6666666666666666;MoveSouth;(12, 10);1;688
0.6666666666666666;MoveSouthWest;(11, 11);1;689
0.6666666666666666;MoveSouthWest;(10, 12);1;690
0.6666666666666666;MoveSouthWest;(9, 13);1;691
0.6666666666666666;MoveWest;(8, 13);1;692
0.6666666666666666;MoveWest;(7, 13);1;693
0.6666666666666666;MoveSouthWest;(6, 14);1;694
0.6666666666666666;MoveSouthWest;(5, 15);1;695
0.6666666666666666;MoveSouth;(5, 16);1;696
0.6666666666666666;MoveSouth;(5, 17);1;697
0.6666666666666666;MoveSouthWest;(4, 18);1;698
0.6666666666666666;MoveWest;(3, 18);1;699
0.6666666666666666;MoveWest;(2, 18);1;700
0.6666666666666666;Idle;(2, 18);1;701
0.6666666666666666;MoveNorth;(2, 17);1;702
0.6666666666666666;MoveNorthWest;(1, 16);1;703
0.6666666666666666;MoveNorth;(1, 15);1;704
0.6666666666666666;MoveSouth;(1, 16);1;705
0.6666666666666666;MoveNorthEast;(2, 15);1;706
0.6666666666666666;Idle;(2, 15);1;707
0.6666666666666666;;(2, 15);1;708
0.6666666666666666;;(2, 15);1;709
0.6666666666666666;;(2, 15);1;710
0.6666666666666666;;(2, 15);1;711
0.6666666666666666;;(2, 15);1;712
0.6666666666666666;;(2, 15);1;713
0.6666666666666666;;(2, 15);1;714
0.6666666666666666;;(2, 15);1;715
0.6666666666666666;;(2, 15);1;716
0.6666666666666666;;(2, 15);1;717
0.6666666666666666;;(2, 15);1;718
0.6666666666666666;;(2, 15);1;719
0.6666666666666666;;(2, 15);1;720
